-1.166952
-0.212695
-0.035490
0.593830
0.055959
-0.032280
0.750370
0.051086
-1.119259
0.238113
0.018221
-0.177431
0.269754
-0.117693
-0.600949
0.121855
-0.597115
0.096084
0.271292
-0.829167
0.177809
0.317195
-0.786743
-0.634778
-0.012179
0.091483
-0.661775
0.692111
-0.289524
0.361729
0.980392
0.272625
0.381766
0.578245
-0.206982
0.045577
0.233209
0.309914
-1.777067
0.367851
0.274481
0.225395
0.553186
-0.861329
0.325193
0.451683
0.306468
-0.583131
0.890208
0.224314
-0.668419
0.508408
-0.262091
0.220787
-0.470924
0.185032
0.759748
0.180833
0.198235
0.505526
-0.139125
0.095405
-1.294420
0.349775
0.178987
-0.222494
0.636500
-0.233189
0.181499
0.095259
0.892419
0.072780
